positive/1635969789.6554422.jpg 1 408 381 40 53
positive/1635969836.3713875.jpg 1 266 370 47 58
positive/1635969839.5859635.jpg 1 211 158 45 55
positive/1635969915.1366205.jpg 3 321 264 38 53 362 261 31 54 397 265 31 58
positive/1635969919.311361.jpg 3 247 356 38 49 290 358 30 55 328 318 36 52
positive/1635970789.7988107.jpg 3 446 246 34 47 419 243 24 48 413 203 35 34
positive/1635970802.067875.jpg 4 72 278 47 47 60 190 47 53 178 270 57 54 252 285 42 55
positive/1635970816.9055324.jpg 4 218 275 40 42 155 225 43 52 59 110 49 68 347 258 35 51
positive/1635970832.3028557.jpg 4 474 202 42 62 476 125 35 41 405 158 42 45 472 91 41 36
positive/1635970956.6715035.jpg 1 501 314 46 47
positive/1635971371.391024.jpg 3 450 207 36 57 505 198 52 57 686 196 57 58
positive/1635971376.0953212.jpg 3 246 377 44 47 367 334 38 57 407 335 48 64
positive/1635971390.7639508.jpg 2 366 274 42 53 416 277 31 46
positive/1635971404.7280202.jpg 3 312 191 40 53 251 161 47 57 197 128 45 70
positive/1635971408.6406348.jpg 2 474 170 40 54 510 84 31 66
positive/1635973440.4520962.jpg 3 7 295 35 55 48 297 37 54 60 272 34 50
positive/1635973445.0117302.jpg 5 31 74 52 65 133 66 45 64 546 105 49 59 629 98 61 58 728 101 50 61
positive/1635973450.9185882.jpg 3 515 148 49 65 636 124 52 58 668 94 51 67
positive/1635973453.2954888.jpg 3 489 124 40 57 573 79 39 62 578 31 46 66
positive/1635973453.8581655.jpg 3 470 132 39 63 536 88 60 56 574 47 43 56
positive/1635973453.90181.jpg 3 458 135 49 60 542 95 62 51 562 45 39 52
positive/1635973453.9840248.jpg 3 460 144 42 56 538 98 45 44 550 44 42 61
positive/1635973461.5755467.jpg 3 565 235 39 53 638 214 44 55 687 198 45 58
positive/1635973461.7788076.jpg 2 532 232 38 53 612 210 45 64
positive/1635973500.6427429.jpg 2 367 267 29 42 335 258 28 62
positive/1635973501.2322268.jpg 2 369 270 27 47 338 264 27 54
positive/1635973501.3568668.jpg 2 367 261 27 53 340 265 21 58
positive/1635973522.6322045.jpg 3 429 347 32 51 443 321 41 52 542 468 45 59
positive/1635973522.7029822.jpg 3 432 347 21 42 545 481 32 54 435 317 43 62
positive/1635973522.7486675.jpg 3 413 343 41 44 440 320 38 58 526 478 56 55
positive/1635973522.8222907.jpg 3 538 476 34 58 411 341 35 49 432 315 34 51
positive/1635973527.7082298.jpg 2 237 247 44 59 196 266 34 54
positive/1635973527.8331993.jpg 2 239 245 42 58 203 259 33 58
positive/1635973527.903724.jpg 2 242 256 33 47 200 261 36 61
positive/1635973537.5090806.jpg 1 216 266 45 51
positive/1635973537.6189678.jpg 1 221 249 44 63
positive/1635973537.7102787.jpg 1 221 269 52 51
positive/1635973540.5400188.jpg 2 178 422 37 45 146 393 27 55
positive/1635973541.184221.jpg 2 175 393 37 54 151 363 31 52
positive/1635973541.2477653.jpg 2 177 390 33 49 149 350 26 66
positive/1635973541.3575943.jpg 2 175 382 42 53 154 349 24 66
positive/1635973541.4701502.jpg 2 179 376 26 49 160 342 18 67
positive/1635973552.9157474.jpg 4 279 172 53 48 225 137 44 50 246 49 31 47 257 6 40 37
positive/1635973553.053218.jpg 4 289 179 41 59 241 143 35 50 248 65 44 44 262 6 43 47
positive/1635973567.3936534.jpg 1 114 109 39 54
positive/1635973567.5018501.jpg 1 112 113 42 51
positive/1635973570.351451.jpg 4 206 106 48 44 657 165 39 54 724 98 33 60 681 140 31 54
positive/1635973570.3941445.jpg 3 215 100 44 60 649 158 36 49 722 97 28 57
positive/1635973570.4277864.jpg 4 214 101 40 49 637 159 40 49 670 129 38 58 717 91 37 59
positive/1635973573.5439157.jpg 2 163 46 40 59 15 104 41 52
positive/1635973574.1035268.jpg 2 42 121 48 51 107 20 49 51
positive/1635973574.1500318.jpg 2 106 12 37 56 49 120 36 54
positive/1635973574.2034223.jpg 2 59 125 35 49 102 14 40 59
positive/1635973574.3060193.jpg 2 72 129 43 52 106 5 35 58
positive/1635973581.1518831.jpg 1 47 141 31 60
positive/1635973828.4591699.jpg 1 426 258 47 57
positive/1635973842.9911077.jpg 1 74 289 43 51
positive/1635973843.032917.jpg 1 81 290 48 60
positive/1635973854.9864585.jpg 5 269 291 53 61 326 280 33 52 333 384 53 60 112 396 58 51 108 26 38 49
positive/1635973863.3485036.jpg 2 166 60 47 53 131 2 26 54
positive/1635973863.8655343.jpg 2 203 92 45 49 165 30 24 56
positive/1635973863.9462738.jpg 2 209 97 36 46 174 37 40 53
positive/1635973869.9817226.jpg 2 451 164 37 69 494 160 35 69
positive/1635974126.556246.jpg 7 286 404 36 51 253 412 39 53 170 418 49 57 453 152 33 48 485 106 36 51 447 98 36 50 413 118 31 66
positive/1635974145.0054927.jpg 1 199 326 45 53
positive/1635974253.4656858.jpg 4 630 79 41 52 660 16 30 58 545 206 43 45 537 162 47 41
positive/1635974262.4354.jpg 8 341 328 28 52 297 310 33 44 230 292 25 53 153 298 35 48 188 343 34 45 241 368 30 38 277 405 30 41 259 305 34 50
positive/1635974266.3817852.jpg 5 716 402 47 66 170 395 34 41 162 436 35 46 131 512 38 33 111 396 29 44
positive/1635974346.9785755.jpg 3 188 421 29 48 146 429 28 49 92 476 50 43
positive/1635974349.0436835.jpg 3 180 392 43 50 108 453 30 51 101 405 40 48
positive/1635974352.7470586.jpg 1 159 188 40 49
positive/1635974564.2834198.jpg 4 154 191 44 46 172 52 46 44 576 268 54 61 493 291 40 49
positive/1635974590.4214833.jpg 3 506 20 27 40 543 6 24 50 492 76 26 29
positive/1635974595.0553935.jpg 3 686 221 42 65 640 273 42 62 738 296 30 54
positive/1635975153.7237577.jpg 2 353 95 40 52 310 49 32 46
positive/1635975159.1448493.jpg 1 274 299 43 63
positive/1635975159.3022916.jpg 1 274 283 41 45
positive/1635975170.141755.jpg 1 732 5 42 78
positive/1635975179.2118027.jpg 3 293 308 45 53 142 103 34 71 523 307 34 33
positive/1635975182.5572822.jpg 2 91 334 38 61 1 189 43 74
positive/1635975195.561415.jpg 11 210 226 34 52 259 137 38 44 144 120 42 46 80 78 33 50 138 34 40 41 41 146 33 50 289 175 35 60 375 161 37 49 318 163 30 48 220 179 40 54 408 209 28 47
positive/1635975204.3537323.jpg 6 326 236 45 40 262 111 35 45 211 166 35 41 169 124 38 48 53 26 45 53 89 6 37 39
positive/1635975206.6997666.jpg 6 224 182 38 52 227 459 43 33 231 412 37 43 173 415 37 55 125 411 41 60 70 340 39 50
positive/1635975221.582791.jpg 9 185 86 48 51 358 77 56 83 395 180 38 54 425 242 43 48 83 54 57 62 126 23 38 65 277 18 54 60 194 22 38 58 460 218 39 52
positive/1635975221.7375343.jpg 10 193 95 54 54 91 44 34 64 130 29 38 52 355 92 52 68 434 245 25 60 467 219 38 48 392 195 40 49 299 12 50 72 255 8 35 63 194 20 46 55
positive/1635975224.7798758.jpg 8 178 29 72 90 539 50 38 96 460 97 44 60 376 103 39 46 327 109 33 53 376 144 33 46 504 184 28 43 420 193 31 57
positive/1635975224.9358172.jpg 8 204 30 50 76 551 78 54 69 462 91 40 73 335 138 40 44 379 112 40 37 385 152 37 45 498 175 39 50 437 216 33 49
positive/1635975526.074628.jpg 2 725 104 31 46 762 122 20 49
positive/1635975534.4282558.jpg 4 245 126 43 51 207 57 42 56 10 281 24 58 152 480 42 54
positive/1635975540.7065055.jpg 3 404 31 45 51 562 333 37 56 675 406 46 63
positive/1635975553.937882.jpg 1 253 390 36 38
positive/1635975715.2685409.jpg 1 598 398 38 61
positive/1635975886.741798.jpg 1 4 144 36 73
positive/1636047348.8245738.jpg 3 262 328 52 51 328 264 40 51 367 267 39 58
positive/1636047354.8469946.jpg 3 155 279 35 41 192 265 43 58 205 231 39 37
positive/1636047358.9570863.jpg 3 326 336 49 57 422 312 42 59 372 334 41 59
positive/1636047381.2300014.jpg 3 302 338 40 52 304 281 43 57 518 225 61 59
positive/1636047392.174279.jpg 5 200 255 40 56 168 279 40 53 121 314 33 46 80 287 34 38 29 377 42 49
positive/1636047429.6447508.jpg 2 325 199 43 69 590 30 41 58
positive/1636047431.9440527.jpg 2 158 158 41 49 694 265 46 56
positive/1636047437.2678316.jpg 4 584 72 39 42 640 78 40 49 680 43 34 53 762 19 24 51
